sample1(まっすぐ横線)

X:-131.078,-131.121,-130.998,-132.043,-131.751,-131.559,-131.754,-131.656,-131.667,-131.582,-131.311,-131.298,-131.156,-130.859,-130.327,-129.953,-129.639,-128.84,-127.464,-126.391,-125.149,-123.709,-122.706,-120.942,-118.873,-116.8,-114.986,-112.534,-109.731,-108.405,-105.012,-102.094,-99.3429,-96.6649,-93.6136,-90.3042,-88.5925,-84.6087,-81.3563,-77.8534,-73.916,-69.7456,-67.8189,-63.8966,-59.8594,-53.0297,-46.8181,-43.4335,-41.935,-38.9326,-35.5137,-32.1937,-28.9996,-25.3157,-22.2056,-20.6618,-17.7129,-14.8716,-11.9481,-8.98091,-5.94689,-3.02841,-1.6465,1.22739,4.07799,6.97377,9.93517,11.5234,14.3832,17.1432,20.135,20.135,25.5418,28.7257,31.8416,34.7482,36.2166,38.9797,41.6862,44.3163,46.9696,49.4331,50.6707,55.7411,58.3162,60.9111,62.252,64.9735,69.4248,70.7824,73.6706,76.4251,79.1873,80.4774,83.8766,84.8743,89.9319,92.329,96.8079,97.8708,100.082,102.204,104.597,106.453,108.459,109.969,110.718,112.398,113.768,116.025,118.775,120.223,121.188,123.193,124.085,125.198,125.642,126.75,131.08,130.992,130.356,131.951,130.154,130.392,130.642,131.612,132.111,130.176 

Y:138.646,139.451,139.276,140.383,140.813,141.006,141.693,141.722,141.297,141.012,140.599,140.242,139.825,139.472,139.168,139.237,139.257,139.321,139.114,139.265,139.399,139.595,139.437,139.376,139.115,138.964,138.929,138.692,138.275,138.182,137.117,136.285,135.876,135.525,135.094,134.391,134.005,131.117,131.885,132.165,132.264,131.981,132.001,131.412,130.951,132.695,132.62,132.222,131.997,131.764,131.191,130.536,129.968,129.291,128.765,128.606,128.272,128.709,129.076,129.499,129.874,130.031,130.177,130.396,130.621,130.592,130.517,130.388,130.401,130.51,130.807,130.807,130.643,130.768,131.038,131.419,131.554,131.876,132.199,132.735,133.251,133.62,133.747,134.76,134.841,135.133,135.388,135.692,137.316,137.59,138.29,139.415,139.822,139.811,139.625,139.667,140.461,140.303,139.468,139.113,138.345,137.822,138.546,138.3,138.045,137.626,137.735,137.937,137.683,137.8,139.808,141.135,140.605,141.544,140.633,140.898,141.166,141.067,140.313,140.42,143.774,147.283,143.887,146.928,148.307,148.647,148.236,141.169 

Z:-21.6167,-18.8727,-18.9446,-20.4801,-18.4008,-18.1653,-18.4287,-19.5864,-19.6209,-19.5994,-19.7573,-19.888,-19.8231,-19.8546,-20.4711,-20.8325,-21.0936,-21.9433,-23.4024,-24.7197,-25.7699,-26.8645,-27.4602,-28.5953,-29.7471,-30.7249,-31.8069,-32.9277,-33.9671,-34.4193,-35.4661,-36.3274,-37.1351,-37.6561,-38.5416,-39.4153,-39.8292,-41.6123,-41.7537,-41.8053,-41.7077,-41.8808,-42.0913,-42.441,-42.7765,-44.2729,-43.5921,-43.1512,-43.0213,-42.9091,-42.9804,-43.3668,-44.0585,-45.181,-46.3028,-46.4007,-46.4256,-46.1915,-46.4276,-46.7513,-47.2076,-47.0511,-47.145,-47.481,-47.878,-48.1573,-48.3797,-48.0609,-47.9536,-47.9804,-48.0564,-48.0564,-48.0975,-47.989,-47.7966,-47.8488,-47.8337,-47.7781,-47.3226,-46.9913,-46.5357,-46.2039,-45.9366,-45.6793,-45.4754,-45.5694,-45.6204,-45.4719,-44.8958,-44.5913,-44.1098,-43.1938,-43.0266,-43.0387,-42.4981,-42.0313,-42.6007,-42.776,-42.2653,-42.0368,-41.5535,-40.6639,-40.0276,-39.4004,-38.0993,-36.922,-36.4493,-35.5368,-34.3685,-33.5482,-28.7987,-26.6227,-27.2249,-25.6816,-25.7807,-24.604,-23.4119,-23.7243,-22.9121,-23.4481,-21.942,-19.9593,-18.1961,-13.5683,-10.2798,-8.78393,-7.75913,-9.68131




sample1_1
Xc:165033.78341590276 Yc:348566.2664727799 Zc:20734.311053488876
X:-64.7433,-64.796,-64.8457,-64.8655,-64.8618,-64.808,-64.7923,-64.8689,-64.791,-64.5112,-64.4729,-64.4531,-64.4012,-64.3154,-64.2036,-63.8714,-63.5466,-63.0778,-62.7961,-61.6712,-60.5854,-60.1174,-58.8875,-56.2752,-56.2752,-52.1466,-49.3892,-46.9446,-44.661,-42.7693,-41.7934,-39.7667,-37.9862,-36.079,-34.0905,-32.2116,-30.524,-29.5936,-27.4933,-25.4102,-23.2301,-20.9983,-18.8345,-16.7318,-15.6704,-13.5556,-11.5476,-9.57923,-7.46765,-5.43337,-4.41846,-2.38015,-0.231625,1.65959,3.49956,5.93663,8.04802,8.95353,11.1562,13.1995,15.0655,16.827,18.7485,20.6349,21.4882,22.9979,24.6044,26.6549,28.6039,30.4738,32.0957,32.8258,33.5948,35.8754,37.8045,39.5166,41.5376,43.4104,44.3304,46.0135,47.7827,48.6389,50.1994,52.5046,53.174,54.6123,55.9641,57.2607,58.6019,59.764,60.3563,61.6024,62.3034,64.0496,65.4209,67.1447,68.1094,69.6892,70.8027,72.3364,73.9545,75.5011,77.042,79.3033,80.2427,81.8867,82.6166,83.6254,84.8273,87.1063,87.5717,88.6513,89.1441,89.2908,89.5066,89.94,89.9977,90.1421,90.1421,90.1743,90.1693,90.1388,90.1284,90.1117,90.0983,90.1023,90.0827,90.1258,90.1551,90.2268,90.3018,90.3474,90.3962,90.5362,90.8162,91.0673,91.1347,91.0952,91.0077,90.9496,90.5598,90.4767,90.2329,90.1084,89.8436,89.4587,89.205,89.081,88.8263,88.7074,88.7074,88.4729,88.4729,88.2727,88.0632,87.9276,87.7704,87.6031,87.6031,87.4683,87.3613,87.3497,87.3294,87.2687,87.2907,87.2232,87.1503,87.0195,86.9498,86.6995,86.3749,86.09,85.9988,85.7954,85.5694,85.4941,85.3121,85.3121,85.2202,85.1062,84.9775,84.9035,84.7592,84.6305,84.5676,84.4762,84.4089,84.3627,84.3231,84.2997,84.264,84.2346,84.1975,84.1615,84.1284,84.1257,84.1305,84.1319,84.131,84.1407,84.1571,84.2068,84.2292,84.2563,84.2857,84.31,84.3478,84.3682,84.3738,84.3648,84.324,84.259,84.1748,84.1229,84.0189,83.9278,83.8328,83.7437,83.5429,83.3165,83.1158,83.0293,82.9546,82.9546,82.8318,82.6491 Y:88.5818,88.5507,88.4732,88.4483,88.466,88.4511,88.4988,88.7209,88.7016,88.457,88.5259,88.6562,88.7239,88.7684,88.9714,89.2181,89.6376,90.2934,90.5183,90.4202,90.4856,90.5233,90.5013,89.7988,89.7988,90.4415,91.0776,91.1955,91.3016,91.4567,91.5302,91.75,92.1223,92.7057,93.4605,94.4692,95.5215,95.9005,96.4395,96.4266,96.3543,96.2735,96.118,95.9501,95.8852,95.9418,95.9778,95.9682,96.0495,96.1481,96.232,95.9883,95.2533,95.3503,94.5211,93.774,93.3973,92.5735,91.9505,92.1616,92.194,92.8175,93.3038,93.7392,93.9086,93.9035,93.7512,93.615,93.5709,93.5188,94.0395,94.077,94.1693,94.4625,94.3919,94.2965,94.3648,94.4972,94.6203,94.6421,94.9404,95.1477,95.4293,95.7876,95.9843,96.1439,96.1812,96.2488,96.3233,96.3028,96.1511,96.3812,96.4839,96.4716,96.2884,95.9117,96.0534,96.0951,95.1179,94.6806,94.5405,94.1162,93.7444,93.6917,93.4482,93.4952,93.4274,93.3314,93.2578,93.3266,93.3653,93.5618,93.6195,93.6247,93.6543,93.6681,93.669,93.7536,93.7536,93.7815,93.7991,93.8108,93.8117,93.8153,93.8163,93.8165,93.8368,93.8645,93.9108,93.9798,94.0645,94.1731,94.2506,94.4216,94.6737,95.0084,95.4071,95.6505,95.8017,95.8611,96.1225,96.204,96.3701,96.4502,96.5457,96.678,96.7763,96.8158,96.9316,96.9891,96.9891,97.0487,97.0487,97.1379,97.1725,97.1905,97.2076,97.22,97.22,97.1843,97.0874,97.0708,97.0757,97.0274,96.867,96.729,96.6327,96.595,96.5869,96.2707,95.8769,95.58,95.496,95.2976,95.1283,95.0875,95.0183,95.0183,95.0132,95.0279,95.0663,95.0792,95.0717,95.084,95.1037,95.1206,95.1258,95.1049,95.0511,95.0128,94.9378,94.8862,94.8235,94.7392,94.6904,94.6525,94.5998,94.5694,94.5612,94.548,94.5406,94.5325,94.5283,94.5279,94.5265,94.5261,94.5373,94.55,94.5564,94.5588,94.5516,94.5541,94.5641,94.5654,94.5701,94.5772,94.5856,94.561,94.4605,94.3657,94.252,94.1952,94.1761,94.1761,94.1672,94.3096 Z:-27.1292,-27.1402,-27.111,-27.0854,-27.0773,-27.0503,-27.041,-27.0495,-27.0687,-26.9864,-26.9624,-26.9062,-26.8293,-26.8486,-26.8878,-26.9611,-27.0501,-27.2447,-27.34,-27.6499,-27.7618,-27.7293,-27.4979,-27.59,-27.59,-27.8675,-28.2853,-28.2409,-28.302,-28.298,-28.4557,-28.6946,-28.824,-28.6816,-28.1597,-27.3701,-26.7112,-26.3702,-25.638,-25.2151,-24.8527,-24.6208,-24.456,-24.449,-24.4329,-24.288,-24.1169,-24.0662,-23.8719,-23.7373,-23.6375,-23.5695,-23.6494,-23.5787,-23.6379,-23.7104,-23.5061,-23.3949,-23.4104,-23.3919,-23.1536,-23.0371,-22.6711,-22.1222,-21.8671,-21.6099,-21.4509,-21.3464,-21.2078,-21.056,-20.2948,-20.1924,-19.9818,-19.2732,-18.9647,-18.7183,-18.282,-17.949,-17.74,-17.5075,-17.0072,-16.816,-16.5232,-16.1682,-15.9934,-15.9406,-15.7501,-15.6198,-15.3802,-15.2215,-15.1188,-14.9275,-14.727,-14.4882,-14.3099,-13.767,-13.6193,-13.4912,-13.0787,-12.5481,-12.4117,-12.3552,-11.9988,-11.6704,-11.3995,-11.2064,-10.9904,-10.6617,-10.3075,-9.78115,-9.7445,-9.79762,-9.71971,-9.64203,-9.55732,-9.59347,-9.61048,-9.57349,-9.57349,-9.59399,-9.6294,-9.6441,-9.67812,-9.70175,-9.71379,-9.75378,-9.7891,-9.83188,-9.83937,-9.84589,-9.78235,-9.64365,-9.49871,-9.12584,-8.51913,-7.8316,-7.64315,-7.40182,-7.25693,-7.21459,-7.05764,-6.96643,-6.84436,-6.8077,-6.80252,-6.81162,-6.81934,-6.83112,-6.86156,-6.89069,-6.89069,-6.88456,-6.88456,-6.92012,-6.93403,-6.96573,-6.99927,-7.03872,-7.03872,-7.05193,-7.02003,-7.00308,-6.95774,-7.01841,-6.12066,-5.83629,-5.61961,-5.34602,-5.26826,-4.85817,-4.53592,-4.22822,-4.12792,-3.90837,-3.69677,-3.69597,-3.70187,-3.70187,-3.7139,-3.72312,-3.71042,-3.70471,-3.68009,-3.67336,-3.67187,-3.66553,-3.6587,-3.64724,-3.63105,-3.62362,-3.61961,-3.63022,-3.65466,-3.6699,-3.68022,-3.66113,-3.62263,-3.60352,-3.59774,-3.58611,-3.57081,-3.50287,-3.46912,-3.43158,-3.38905,-3.3452,-3.27902,-3.23287,-3.21622,-3.2056,-3.18578,-3.18753,-3.20245,-3.2161,-3.26233,-3.35395,-3.42304,-3.48408,-3.5301,-3.57226,-3.59599,-3.60236,-3.61635,-3.61635,-3.64334,-3.7201


sample1_2
Xc:2691742.604557503 Yc:1140294.8027885803 Zc:442306.89306645095
X:93.6706,93.7005,93.7207,93.7411,93.7576,93.7709,93.7756,93.777,93.7849,93.7952,93.787,93.7769,93.7718,93.7151,93.5619,93.3221,92.7999,92.0652,90.828,90.2265,88.6838,86.7153,83.9077,80.3764,77.4496,76.5729,73.38,70.6186,67.7743,64.1596,61.1041,59.5458,56.353,52.8137,49.1342,44.1428,39.028,33.9914,31.4313,26.7881,22.2194,19.9796,10.3941,7.70052,2.3187,-3.26873,-8.49354,-12.9133,-18.5485,-23.4454,-30.1004,-34.2049,-39.6915,-42.0058,-45.7534,-50.9407,-54.2416,-57.7943,-59.3016,-61.4485,-64.3407,-66.5672,-68.6246,-70.3327,-72.1652,-73.4792,-77.1908,-79.0684,-79.6675,-79.6675,-81.1758,-82.619,-84.0659,-84.8873,-86.1613,-87.1676,-87.9869,-88.6391,-89.0552,-89.4066,-90.1485,-91.1744,-92.2864,-94.0576,-95.6034,-96.1411,-97.1203,-97.7585,-98.7187,-98.875,-99.164,-99.3265,-99.4118,-99.5703,-99.6743,-99.7219,-99.3452,-98.9213,-98.7375,-97.9915,-97.0467,-97.0016,-97.0016,-96.9272,-94.5529,-94.0826,-93.8569,-93.3479,-93.2778,-93.4358,-93.872,-93.8025,-93.5989,-93.4439,-93.3462,-91.6186,-90.4778,-89.3851,-88.7936,-88.1345,-87.7042,-87.8748,-86.3316,-86.8714,-87.0188,-87.261,-87.1827,-86.7184,-86.9962,-87.5699,-88.789,-88.6915,-89.2551,-88.393,-88.3572,-88.3572,-88.5329,-88.9992,-90.1841,-89.3408,-89.3986,-89.1147,-88.8086,-88.6582,-88.5222,-87.8536,-87.6491,-87.5157,-87.3179,-86.9578,-86.8885,-86.8934,-87.0042,-86.914,-86.7348,-86.4924,-86.3783,-86.4478,-86.4247,-86.4068,-86.1368,-86.0676,-86.101,-86.1384,-86.132,-86.0801,-85.9243,-85.704,-85.6602,-85.5048,-84.9132,-84.3989,-83.7464,-82.4188,-81.0524,-79.3213,-79.2176,-78.2642,-77.3032,-75.3138,-53.3944,-52.6693,-52.0255,-51.7693,-50.7686,-50.3463,-49.7443,-47.1271,-45.2152,-43.6604,-40.6273,-38.572,-36.4038,-33.8868,-33.3643,-31.8267,-33.8283,-36.668,-37.0852,-37.4483,-37.9646,-38.374,-39.1405,-39.1405,-39.8485,-40.5254,-43.0014,-43.5783,-44.1616,-44.7858,-44.9895,-45.1456,-45.972,-46.5156,-46.974,-47.2171,-47.3152,-47.4991,-48.2403,-49.2199,-50.9985

Y:59.5925,59.6031,59.6134,59.6299,59.6434,59.6516,59.6534,59.6552,59.6474,59.6271,59.5759,59.5347,59.5175,59.4498,59.4298,59.4918,59.7822,60.2336,60.8923,61.2253,62.2143,63.375,64.6468,65.6787,67.0313,67.7551,67.7063,68.0703,68.4338,68.7864,68.6084,68.4675,67.9543,67.4954,66.7833,65.1721,63.7989,62.5562,61.6653,60.9886,60.5856,60.6396,59.259,58.9388,58.5024,58.3505,58.1528,57.4951,57.0223,56.1919,54.437,53.763,53.0349,53.5288,53.5567,53.2607,53.018,52.6598,52.6328,52.7074,52.7057,52.7755,52.9465,52.9976,53.1446,53.1225,52.471,52.374,52.8759,52.8759,52.9961,53.1111,53.0008,53.1034,53.1939,53.7938,53.9138,53.8749,54.0297,54.515,54.4592,54.5721,54.5011,54.7198,54.0467,53.7074,53.5713,53.5675,53.4348,53.4775,53.5547,53.6078,53.6642,53.7733,54.2814,54.3595,55.2153,55.5378,55.6318,55.5732,55.6989,55.8349,55.8349,55.9714,56.3658,56.4027,56.437,56.3508,56.4739,56.4877,56.5301,57.0748,57.3997,57.4812,57.5394,58.0326,57.4947,56.6568,56.2064,56.0062,56.6737,56.7367,56.661,56.9369,57.018,57.1291,57.1692,57.4384,57.7064,57.8039,56.5084,58.8348,59.7068,58.9841,59.4249,59.4249,59.0399,59.9691,59.0281,59.3392,59.4124,59.3165,58.2615,58.7895,58.6671,59.1938,59.1152,59.0503,58.5562,57.6405,57.3754,57.3803,57.1584,57.2053,57.3036,57.6876,57.4751,57.6583,57.7178,57.7413,56.6726,56.3399,56.4177,56.5296,56.7719,56.8018,57.2002,57.7451,58.0678,58.7411,59.4563,59.8581,61.1591,63.0879,63.7712,64.2667,66.8453,68.9156,70.2672,72.1849,53.3629,57.8779,60.5663,65.0997,67.8413,69.1189,68.9233,70.8442,72.7086,73.4087,75.108,75.7337,75.7746,76.9392,77.1145,78.8734,80.3979,81.9188,82.6999,82.5916,82.4114,82.2893,81.7959,81.7959,81.1809,81.2559,82.8001,82.827,82.3739,82.5844,82.4742,81.6699,78.6629,77.2933,76.3099,76.0301,75.957,75.8281,74.5971,73.5524,73.1702

Z:9.97005,9.96703,9.96503,9.96306,9.9615,9.96034,9.96021,9.96043,9.96332,9.97337,9.98876,9.99421,9.99572,10.0107,10.0199,9.9684,9.82094,9.67401,9.4894,9.41751,9.3651,9.08159,9.16788,9.64645,9.15999,8.63794,7.91424,7.45839,6.81552,5.94717,5.53068,5.18473,4.74952,4.02023,3.89029,3.20761,2.66652,1.07866,0.39496,-0.489226,-1.2037,-1.3927,-2.43911,-2.66906,-3.48279,-4.15538,-5.3214,-5.82395,-6.57812,-6.87352,-10.1119,-11.6035,-13.0657,-13.4929,-13.6184,-13.4386,-13.6298,-13.3688,-13.3512,-13.277,-13.8793,-14.2033,-14.2394,-14.0969,-14.2933,-14.6599,-16.3536,-16.8313,-16.7716,-16.7716,-16.1569,-15.819,-15.5029,-15.6881,-15.927,-16.5758,-16.7405,-16.6606,-16.5582,-16.5659,-16.4428,-16.5668,-16.7491,-19.8612,-19.2171,-18.6185,-17.639,-17.2228,-16.574,-16.48,-16.3233,-16.2431,-16.1992,-16.1382,-16.3211,-16.4443,-16.9646,-17.1721,-17.2509,-17.6462,-17.7577,-18.0465,-18.0465,-18.0947,-17.5935,-17.4976,-17.4565,-17.8764,-17.8858,-17.8175,-17.6482,-17.6276,-17.5951,-17.5836,-17.5692,-19.2912,-20.2864,-20.0577,-20.46,-20.8917,-22.643,-23.7902,-25.8866,-25.716,-25.6203,-25.0604,-24.8999,-24.4495,-24.652,-25.2314,-24.9726,-24.5711,-23.4924,-24.0997,-23.6195,-23.6195,-23.1265,-20.3578,-17.6071,-16.5282,-17.2909,-18.1583,-22.9144,-23.7994,-23.8646,-23.834,-23.8504,-24.5566,-25.621,-27,-27.2796,-27.2778,-26.8709,-26.7666,-25.8547,-25.243,-25.5563,-25.7205,-25.8081,-25.8466,-26.4395,-26.6901,-26.7098,-26.7445,-26.7057,-26.7184,-26.5721,-26.2261,-25.9558,-25.523,-24.635,-23.6341,-23.0538,-18.965,-16.7459,-13.0005,-9.34402,-6.87369,-3.59517,2.32739,39.4088,40.5059,42.4904,46.6359,52.0241,56.0853,62.3163,67.5208,71.7596,73.8109,76.9189,80.0737,86.1828,89.7926,91.9773,94.4391,96.0014,96.7643,97.3592,97.7175,98.3235,98.8166,99.3985,99.3985,100.154,100.35,99.0765,99.5596,100.536,101.233,101.449,102.008,102.608,102.962,103.283,103.426,103.474,103.553,103.523,103.308,101.481

sample1_3
Xc:1159846.8094060142 Yc:197152.95980039006 Zc:22178.01006319779
X:-23.0983,-23.2988,-23.5437,-23.844,-23.9876,-24.2996,-24.8738,-25.0813,-25.6501,-26.1013,-26.613,-26.8959,-26.9475,-27.0834,-27.1832,-27.1964,-27.1964,-27.5723,-27.641,-27.8505,-28.0429,-28.1517,-28.1331,-28.0669,-28.0313,-28.2241,-28.0461,-27.3261,-27.2518,-27.209,-26.7343,-26.9228,-27.262,-27.8409,-28.2038,-28.5478,-29.5662,-29.7283,-29.6617,-29.4476,-28.4907,-27.7206,-26.7314,-24.1938,-22.5706,-24.0605,-25.8416,-26.1117,-26.3056,-26.4443,-26.8984,-26.4482,-24.9689 Y:158.677,158.708,158.661,158.469,158.408,158.083,157.349,157.069,155.439,154.267,152.539,150.26,149.64,147.403,144.68,142.429,142.429,137.291,135.713,132.075,128.732,125.325,121.474,117.776,115.546,112.02,107.203,102.495,98.5909,94.8213,89.7048,87.6657,83.7135,80.3382,75.9562,71.4897,67.8926,63.6889,61.6512,58.6801,55.2254,52.7461,48.8778,42.8663,40.0398,37.6712,37.2601,36.806,35.6484,33.9622,32.1426,30.2316,27.4059 Z:-49.1624,-49.4076,-49.612,-49.7882,-49.8148,-49.9652,-50.3296,-50.4086,-50.9977,-51.2078,-51.2199,-51.4183,-51.4126,-51.4326,-51.5196,-51.5101,-51.5101,-51.4248,-51.2105,-50.7286,-49.9385,-48.9542,-48.412,-47.5503,-46.7419,-45.5632,-43.703,-41.8682,-40.9486,-39.9032,-37.7313,-37.3209,-36.204,-35.6219,-34.7188,-32.677,-31.8565,-29.3477,-27.8196,-26.0935,-24.7708,-23.7967,-20.704,-18.6868,-17.647,-16.1823,-13.1725,-10.8115,-8.999,-7.5815,-5.98729,-4.51311,-2.30201

sample1_4
Xc:1119440.161874166 Yc:382277.2363241602 Zc:58072.22562813169 
X:-12.491,-12.5947,-12.6543,-12.6653,-12.7384,-12.7739,-12.7825,-12.7835,-12.763,-12.7256,-12.6409,-12.4875,-11.8309,-11.7075,-11.6414,-11.5888,-11.5888,-11.53,-11.4481,-11.2386,-11.4232,-11.4752,-11.2872,-10.4937,-10.0446,-10.3986,-11.3806,-11.937,-12.4433,-12.7242,-12.6356,-12.5408,-12.9269,-13.1985,-13.4285,-13.3638,-13.7278,-13.8819,-13.9898,-13.9948,-14.4151,-14.5435,-15.2901,-15.6452,-15.9644,-15.7917,-15.7032,-15.7932,-15.4495,-15.6569,-15.6569,-15.3309,-15.2373,-15.3797,-15.194,-15.3362,-15.2809,-15.2985,-15.3024,-15.2643,-14.9741,-14.4742,-14.1427,-13.9978,-13.9899,-13.8042,-13.6448,-13.5682,-13.3252,-13.2803,-13.2586,-13.3172,-13.3131,-13.3133,-13.2789,-13.3562,-13.4197,-13.2557,-12.9312,-12.6056,-12.5301,-12.5083,-12.4904,-12.558,-12.5385,-12.557,-12.557,-12.557,-12.4123,-13.2045,-13.0063,-13.0063,-12.8435,-12.6024,-12.564,-12.4792,-12.4376,-12.5257,-12.5462,-12.5503,-12.8175,-13.1978,-13.2375,-13.1185,-11.9034,-11.0803,-10.4217,-10.2492,-10.413,-10.5831,-10.573,-10.5988,-10.5538,-10.5342,-10.5742,-10.6574,-10.6887,-10.6907 Y:42.3245,42.3199,42.3348,42.3292,42.3803,42.4045,42.4165,42.413,42.4115,42.4793,42.6229,42.7705,43.702,44.1551,44.8677,47.376,47.376,49.6559,53.0043,54.3026,56.8791,62.3635,63.5793,68.3916,72.1037,75.4751,79.9104,84.1472,86.255,88.82,91.3828,91.3912,93.132,96.0077,99.0573,100.779,106.312,108.301,110.253,116.529,118.902,120.419,124.124,127.432,131.434,134.495,137.673,140.668,143.105,146.831,146.831,152.945,156.332,160.32,163.821,165.465,167.992,170.253,172.147,172.984,175.586,177.007,177.731,179.667,182.557,185.336,187.323,188.338,189.16,189.862,191.818,194.035,195.775,197.024,198.988,200.372,200.998,200.933,200.367,199.934,199.841,199.791,200.428,201.782,201.808,201.998,201.998,201.998,201.225,204.417,204.034,204.034,203.275,203.207,203.045,202.921,202.885,203.08,203.385,203.42,204.749,207.384,207.875,207.645,203.934,201.316,198.409,197.226,197.238,197.046,196.936,196.78,196.189,195.879,195.782,195.652,195.651,195.586 Z:6.63935,6.75935,6.8333,6.84389,6.86355,6.8642,6.84301,6.82504,6.77343,6.64534,6.42998,6.14395,4.53283,3.97698,3.34008,1.33756,1.33756,0.226826,-1.72715,-2.349,-3.70809,-6.89244,-7.61589,-10.6083,-13.4528,-15.6582,-18.4259,-21.257,-23.3019,-26.4365,-28.3977,-30.5431,-32.3127,-34.1572,-35.4821,-36.4177,-38.2932,-38.6508,-38.8765,-39.9437,-41.0333,-41.3366,-42.206,-42.7511,-43.6053,-44.2202,-44.9112,-45.4066,-45.9913,-46.7601,-46.7601,-48.3161,-49.1395,-49.8491,-50.1282,-50.3152,-50.4532,-50.7792,-50.857,-50.8842,-53.0375,-54.4539,-55.1425,-55.9854,-57.1437,-59.3408,-61.0407,-62.8861,-63.84,-63.9832,-64.0748,-63.9764,-63.8623,-64.1259,-64.4315,-64.4677,-64.4269,-64.6932,-65.1528,-65.4474,-65.5453,-65.6422,-65.6474,-65.3506,-65.2374,-65.1818,-65.1818,-65.1818,-65.4587,-65.9793,-66.872,-66.872,-67.5526,-68.324,-69.0723,-69.4004,-69.4592,-69.8829,-70.2491,-70.3325,-70.1096,-69.6586,-69.3374,-68.7797,-66.2291,-64.3243,-62.1852,-60.0547,-59.5962,-58.879,-58.5609,-58.3593,-57.8111,-57.5224,-57.4085,-57.2288,-57.2114,-57.1238 

sample1_5
Xc:324826.00600123196 Yc:203004.7683584497 Zc:126072.27969942278 
X:-97.21,-97.2979,-97.4014,-97.4875,-97.5975,-97.6574,-97.8093,-97.8628,-97.9125,-97.917,-97.9131,-97.8569,-97.7765,-97.5568,-97.2137,-96.8009,-96.1638,-95.4063,-94.5197,-93.9895,-92.5841,-90.9191,-89.4343,-87.468,-85.2618,-82.8789,-81.5179,-79.1249,-76.1335,-74.3635,-69.0565,-67.6174,-65.6126,-59.9825,-56.0185,-51.7966,-47.0917,-42.5549,-38.1245,-35.937,-31.5088,-26.452,-21.7017,-17.0773,-12.2073,-7.70195,-3.11303,-0.58357,3.81422,7.75408,12.4388,17.2084,21.5458,23.877,28.3173,33.0142,37.7445,42.1246,46.0908,47.7311,50.6426,53.2671,55.2878,57.5801,59.6466,60.3752,60.9909,60.6939,58.5754,56.5956,53.4463,49.9054,48.002,44.1662,40.2168,36.1418,32.7402,28.5718,25.1429,21.2965,19.5379,14.7633,9.69469,4.60749,-0.340229,-4.48624,-9.17239,-11.4844,-15.4211,-19.038,-22.3724,-25.3719,-26.6613,-30.4191,-31.7777,-35.4619,-38.4401,-41.7471,-41.7471,-45.9566,-47.9671,-49.6683,-51.0601,-52.3469,-53.3949,-53.9526,-54.0568,-54.5713,-54.5442,-54.0691,-54.3638,-54.0665,-53.2124,-52.3268,-51.7388,-50.8928,-49.6263,-48.0536,-47.0623,-46.4496,-44.7607,-41.7541,-40.6253,-38.3043,-36.0166,-34.8362,-31.4912,-28.6442,-25.6462,-22.4025,-18.5941,-16.9555,-8.23038,-4.41721,-2.33364,1.79251,5.72832,7.96868,14.3742,16.4782,21.118,26.1786,35.8936,38.0727,44.6674,46.7205,55.4829,60.0446,65.1559,67.0614,75.3316,90.1465,92.1073,96.5553,100.982,109.482,114.697,116.88,121.518,125.083,125.083,132.788,136.445,137.942,142.535,146.506,148.875,150.847,151.98,155.224,156.857,158.016,159.711,162.026,165.177,165.83,167.12,169.229,173.506,174.394,174.964,177.606,180.831,183.869,185.851,186.38,188.096,188.419,188.896,188.416,188.402,188.48,188.355,188.199,187.928,188.079,188.091,188.112,187.05,186.634,186.732,186.194,185.623,184.806,184.157,183.913,183.532,183.532,183.33,183.279,183.15,182.287,182.143,181.954,182.005,182.017,181.93,181.597,181.056,180.656,180.177,179.644,178.924,178.659,178.281,177.598,177.09,176.999,176.999,176.802,176.504,176.472,176.322,176.321,176.336,174.746,172.07,170.662,171.836 Y:119.756,119.589,119.402,119.254,119.072,118.978,118.731,118.652,118.55,118.494,118.473,118.533,118.649,118.996,119.596,120.498,121.809,123.323,124.897,125.805,127.636,129.532,130.911,132.321,133.616,134.858,135.619,136.848,138.233,138.856,140.105,140.499,140.894,141.942,142.77,143.559,143.612,143.328,143.507,143.738,143.885,143.824,143.577,143.297,142.714,141.999,140.956,140.037,138.661,137.377,135.369,133.651,131.797,130.047,127.875,126.2,124.028,121.449,118.138,116.834,114.517,112.137,110.041,106.942,104.374,102.789,99.9547,97.4477,94.4944,92.105,89.3759,86.716,85.556,83.5631,80.9901,75.3284,74.8373,75.4577,73.9592,72.8019,72.1231,70.0585,67.5817,65.4756,62.7325,60.5868,57.3838,55.8567,53.6873,51.5999,50.1365,48.8522,48.3468,47.3256,47.2209,47.2349,47.6293,48.8762,48.8762,51.7289,53.9121,56.4063,59.0244,61.6018,63.899,66.4974,67.8186,70.8787,73.2759,76.1783,79.7721,81.5247,84.9596,88.2296,91.9458,95.6713,99.2281,102.67,107.456,109.722,113.667,118.414,120.295,124.829,127.577,128.751,132.135,133.977,136.408,138.57,140.454,141.038,142.508,143.017,143.405,144.104,146.518,147.624,150.165,150.522,151.176,150.71,151.15,151.118,150.61,150.557,150.641,150.36,149.891,149.818,150.48,156.833,158.02,159.375,160.539,161.782,161.853,161.645,162.22,161.765,161.765,161.367,161.22,160.885,160.819,159.808,157.856,155.646,153.616,154.25,152.728,153.311,151.698,150.657,149.44,150.124,150.617,151.096,152.78,151.374,150.217,150.877,153.105,154.074,153.093,152.341,152.906,153.437,152.923,150.648,148.921,148.335,147.832,147.423,146.442,146.183,146.161,146.205,145.765,145.084,144.884,144.255,143.824,142.884,142.243,142.036,141.431,141.431,141.813,141.899,142.149,141.387,141.216,140.803,140.837,141.005,141.14,140.768,140.737,141.288,142.011,142.158,143.307,143.638,143.864,144.142,144.223,144.656,144.656,145.285,145.522,145.557,145.437,145.474,145.644,142.639,140.121,138.721,140.624 Z:-41.2596,-41.227,-41.2018,-41.1862,-41.1806,-41.173,-41.1644,-41.1665,-41.1828,-41.2061,-41.2383,-41.3067,-41.38,-41.5945,-41.8301,-42.0498,-42.3102,-42.5983,-42.9092,-43.1566,-43.8632,-45.2243,-45.9207,-46.4473,-47.0817,-47.7061,-48.0368,-48.6023,-49.2375,-49.8056,-51.1672,-51.3904,-51.6501,-52.289,-52.4986,-52.6836,-53.1042,-53.1636,-52.9797,-52.8263,-52.4156,-51.9402,-51.1707,-50.3859,-49.6903,-49.0716,-48.1449,-47.3837,-46.1221,-45.2572,-43.922,-42.7053,-41.4088,-40.5388,-38.74,-36.3682,-33.4394,-31.3454,-28.7174,-27.2715,-24.1914,-20.8162,-18.3888,-16.4552,-14.7314,-13.6557,-10.6923,-7.01861,-3.29926,0.182351,3.62413,6.26263,7.78608,10.9635,13.6682,14.4618,16.1114,17.0215,20.4176,21.7456,22.1365,23.1302,25.0422,26.9185,28.6789,29.7722,31.1952,31.7803,32.2931,32.4652,32.4028,32.1876,32.0232,31.1895,30.5646,28.7031,27.2676,25.38,25.38,22.2279,20.1809,17.9311,15.2977,11.8316,8.77413,5.69352,3.90437,0.755103,-4.34525,-7.91439,-11.3168,-13.1006,-15.8489,-18.8222,-22.1707,-25.0532,-27.6803,-30.2345,-32.8336,-34.0666,-35.9431,-38.1005,-38.6843,-40.7428,-42.0403,-42.7061,-45.8542,-47.5358,-48.7358,-51.1024,-54.031,-55.1425,-61.4631,-62.3663,-62.7903,-63.3978,-63.4197,-63.6404,-63.5019,-63.313,-63.7704,-64.9092,-66.5082,-66.7962,-66.837,-66.6864,-66.3312,-66.1738,-67.0065,-67.221,-67.5999,-68.1172,-67.8219,-67.4528,-66.5473,-65.2263,-64.0107,-63.6473,-62.4061,-61.2936,-61.2936,-59.3309,-58.1778,-57.6634,-56.6561,-56.1323,-56.1656,-56.3567,-56.3528,-53.9713,-52.652,-51.5698,-50.2133,-48.8199,-46.8976,-45.6023,-44.458,-43.815,-43.615,-44.7005,-45.1577,-44.3921,-43.0825,-42.3616,-42.4084,-43.0161,-42.1647,-41.6937,-41.5084,-42.9088,-44.1883,-44.8009,-45.7226,-46.3792,-46.8692,-47.0482,-47.1699,-47.2019,-47.7061,-47.8708,-47.7899,-47.9278,-48.0722,-48.6276,-48.8593,-49.0169,-49.1767,-49.1767,-49.493,-49.6159,-49.7451,-50.4011,-50.5137,-50.3843,-50.2701,-50.1236,-50.0959,-50.2969,-50.5578,-50.6491,-50.7294,-50.9655,-51.0038,-50.9877,-51.0378,-51.1784,-51.2976,-51.043,-51.043,-50.6959,-50.8191,-50.8387,-50.9774,-50.969,-50.9275,-51.8973,-53.4807,-54.1452,-53.0495 bundle.js:19299:2

sample1_6
Xc:466610.8357783186 Yc:564588.6439668098 Zc:54060.53033931166 bundle.js:19298:2
X:-55.2156,-55.2668,-55.3016,-55.3294,-55.3905,-55.4531,-55.5196,-55.6402,-55.6803,-55.644,-55.6072,-55.5394,-55.4412,-55.2171,-54.9355,-54.3785,-53.4708,-52.2061,-51.4803,-50.1319,-48.7545,-45.3771,-44.0454,-42.5418,-39.2573,-35.4051,-31.6303,-26.1055,-26.1055,-22.2998,-16.8521,-13.0575,-8.8297,-6.75451,-2.95845,0.896478,5.09537,9.77355,12.1202,29.4369,31.7401,36.1358,40.9868,42.8824,50.2089,52.3254,57.591,59.4453,64.1178,66.9543,70.0068,70.5384,72.23,72.3262,73.1024,77.1224,79.2517,80.0147,80.755,80.5118,79.9298,78.7087,78.2646,80.663,77.136,73.9681,71.4569,69.6709,66.2331,62.7177,59.7534,56.0482,51.9339,49.5807,44.3807,38.8286,33.6871,28.111,25.423,20.8775,17.2625,12.3296,7.88529,2.93465,-0.920315,-4.33942,-6.25306,-10.2145,-13.6128,-17.7595,-20.7702,-21.8701,-24.3858,-26.3845,-28.3795,-29.3911,-30.653,-30.6845,-31.0382,-31.4763,-31.6046,-31.7223,-31.5136,-30.6822,-29.2798,-28.7049,-27.6384,-26.2328,-24.1775,-21.126,-19.06,-16.9547,-13.8748,-12.2539,-8.44713,-4.37586,0.219869,2.40288,9.95354,12.0287,16.6704,21.9285,25.8606,27.8996,34.3571,36.8496,40.9604,45.0107,49.0341,53.2448,56.9731,60.581,64.2515,68.0995,69.5598,71.9883,75.221,78.7524,81.2828,83.6252,85.2282,88.225,90.5878,92.9551,95.4612,98.1104,99.4037,101.711,104.611,107.21,109.92,113.25,115.762,119.738,123.191,127.561,130.704,133.832,136.189,137.33,139.659,142.653,148.709,151.878,153.647,155.63,157.476,158.643,160.167,165.066,166.28,168.584,172.051,163.283,164.841,165.87,165.934,168.454,169.672,168.534,166.651,175.828,177.805,179.919,180.313,180.497,181.58,182.007,182.13,183.153,184.446,184.956,185.24,186.345,187.454,187.946,188.313,187.804,187.821,187.213,186.774,182.734,182.37,182.267,182.138,181.874,181.432,181.432,181.501,181.563,181.382,181.313,179.977,179.977,176.84,174.281,173.85,173.697,173.39,173.434,173.968,173.492,173.306,171.459,171.08,170.544,170.696,171.283,172.177,173.165,173.382,173.469,179.325,179.544,179.782,179.876,179.93,179.979,180.023,180.163,180.242,180.459,180.459,180.571,180.656 Y:80.6973,80.6492,80.6116,80.5926,80.5385,80.4323,80.3252,80.2608,79.9972,79.8147,79.4713,78.8915,78.5914,78.0109,77.382,76.8162,76.2951,75.7187,75.4685,74.8974,75.3447,75.2488,75.0903,75.0346,74.8792,74.4659,73.3723,71.9719,71.9719,70.5274,69.4072,68.6,68.0149,67.9743,67.309,66.8363,66.212,65.8576,65.8465,65.8392,65.8204,66.9457,68.1582,68.5279,72.0561,73.4759,76.451,77.1529,80.9686,82.4461,85.714,86.8119,89.4626,99.6588,105.572,106.121,108.627,114.319,118.82,135.169,141.397,148.32,152.253,157.979,161.109,162.877,167.914,170.891,175.057,176.415,180.066,186.476,192.656,193.726,197.745,200.281,202.739,205.302,206.029,207.816,208.004,207.493,209.098,207.635,207.051,205.856,204.943,202.601,200.07,196.119,193.167,192.199,189.657,185.43,180.304,174.793,168.602,163.88,159.225,154.862,152.222,147.212,145.186,140.35,134.546,132.588,128.139,124.27,121.556,118.756,115.47,113.683,111.695,110.515,108.37,106.414,104.526,103.808,102.382,101.964,100.453,98.9762,98.7282,98.6022,97.9256,98.0062,98.1983,98.5519,98.6378,98.0945,98.96,99.7238,100.311,100.807,100.974,101.081,100.704,100.585,100.437,100.259,100.17,100.158,99.4689,99.1019,99.1752,99.1872,99.4576,99.3262,99.5211,100.04,98.5504,98.8811,99.9058,101.012,102.25,102.489,103.589,103.135,104,104.805,105.114,105.395,106.448,108.143,107.693,107.103,108.24,109.341,106.698,110.541,111.505,113.368,114.238,87.8884,91.5283,94.6892,94.5958,97.8437,99.0116,97.6423,96.9151,77.2897,78.6597,81.8895,82.394,82.6772,80.3164,81.3052,81.6697,82.9091,83.6492,83.9632,84.032,83.8227,84.0045,84.8574,85.3083,82.9312,83.7352,84.0987,84.4974,82.3561,82.7107,82.7205,82.6903,83.1385,82.9693,82.9693,83.5345,83.7239,84.0039,84.0929,83.0792,83.0792,75.4737,75.315,75.0647,74.4306,76.0898,77.0805,79.2583,79.1645,78.6808,73.5499,72.5647,71.2394,71.9824,73.7658,76.4137,80.4253,81.8356,82.3693,87.0601,86.6055,86.3304,86.2037,85.9669,85.3765,85.3191,85.4838,85.5867,86.2666,86.2666,86.6783,86.9653 Z:-31.2189,-31.2298,-31.2383,-31.2534,-31.2454,-31.2189,-31.192,-31.1324,-30.9947,-30.9939,-30.9594,-30.9682,-31.0236,-31.081,-31.0489,-31.0693,-31.0599,-31.0512,-31.0704,-31.1139,-31.276,-31.4618,-31.4128,-31.4189,-31.4609,-31.576,-32.1344,-32.9333,-32.9333,-32.9543,-33.5005,-33.963,-34.3706,-34.5496,-35.1068,-35.3967,-35.6894,-36.6544,-37.1227,-41.2265,-41.9909,-42.7541,-43.5708,-43.6575,-44.5776,-44.8362,-44.9647,-44.5799,-45.5619,-44.6782,-44.1187,-44.6867,-43.9639,-44.8975,-49.3575,-51.6004,-51.5241,-50.9532,-50.4365,-48.1258,-53.4148,-57.6001,-58.4825,-66.2005,-73.4123,-74.6698,-75.7419,-77.2903,-79.8154,-82.4767,-84.1435,-84.4412,-85.5706,-86.9336,-88.3924,-88.7016,-88.7673,-88.4978,-88.3594,-87.5696,-87.7819,-89.1418,-89.0727,-87.3142,-85.6807,-84.5752,-84.1977,-83.8655,-83.6782,-83.3747,-82.1991,-81.5216,-79.2324,-77.0618,-75.9855,-75.0292,-73.7405,-72.1272,-70.2464,-68.7543,-68.3599,-67.5368,-67.0535,-65.7047,-63.8635,-63.6542,-62.7638,-61.3466,-60.146,-59.0433,-56.9357,-55.5846,-54.7121,-54.2603,-53.6233,-53.2164,-52.7666,-52.5604,-51.895,-51.5997,-51.1125,-51.4678,-52.6259,-53.0142,-53.3796,-53.5976,-53.8155,-53.9791,-54.385,-55.4584,-54.9998,-54.1303,-53.6094,-53.4734,-53.5834,-53.8616,-54.2866,-54.839,-55.531,-55.9456,-56.158,-56.4868,-55.9606,-56.0236,-56.0543,-56.0516,-56.1498,-55.9577,-56.2123,-56.6305,-57.6623,-58.03,-57.7663,-57.1679,-56.4588,-56.5112,-55.8325,-55.5568,-54.4139,-53.8257,-52.8884,-52.2983,-52.5634,-51.8685,-51.2523,-50.5784,-49.9903,-49.0606,-51.0073,-51.1587,-50.2649,-48.298,-47.3763,-53.2394,-52.3945,-51.0982,-50.9154,-50.3945,-50.3006,-53.0901,-55.0116,-10.2955,-7.87171,-9.48661,-10.4794,-11.2357,-11.0443,-12.6448,-14.3932,-14.7205,-14.3121,-14.3816,-14.2734,-13.6702,-12.8455,-13.2223,-13.4548,-12.7285,-12.2335,-12.5282,-11.9576,-12.4617,-12.3974,-11.8057,-11.8334,-12.1091,-12.2627,-12.2627,-12.2198,-12.3521,-12.6672,-12.5967,-13.5387,-13.5387,-13.5691,-14.4216,-14.0761,-13.5228,-13.1832,-13.2628,-13.2169,-11.6481,-10.7022,-9.69884,-9.40621,-8.86278,-7.98024,-5.73386,-4.71518,-6.86976,-7.93919,-8.05197,-7.34689,-7.4408,-7.67006,-7.71296,-7.71173,-7.44473,-7.33804,-7.16177,-7.07281,-6.88093,-6.88093,-6.79974,-6.73664 

sample1_7
Xc:2544830.425263665 Yc:762539.9745788298 Zc:57229.22101506158 
X:120.86,120.784,120.779,120.676,120.578,120.239,120.159,120.065,119.996,119.947,119.907,119.876,119.862,119.801,119.632,119.355,119.14,118.767,118.574,118.055,117.064,115.92,114.287,111.835,108.714,107.302,104.463,100.925,96.94,92.2096,89.8742,84.9464,80.1757,75.3982,70.4813,65.9045,61.9233,57.8055,55.7706,51.875,48.3706,43.9089,40.0913,35.9764,33.5646,28.3588,23.9709,19.9109,15.9547,11.9933,8.11185,5.97712,2.5025,-0.751097,-4.21898,-8.02097,-11.3741,-14.6094,-16.1162,-19.2475,-22.3133,-25.5266,-28.3546,-31.1751,-34.0515,-35.345,-37.7105,-39.9908,-41.6356,-43.1622,-44.4061,-44.4061,-46.0297,-46.8244,-47.7987,-47.7373,-46.5715,-45.7359,-43.3698,-39.5614,-36.7365,-33.3642,-30.1233,-25.9634,-23.8911,-19.3243,-14.3238,-9.36024,-4.07885,1.34094,7.0983,13.0037,15.7327,21.5234,27.4776,33.0703,35.7404,44.4711,46.9437,52.9006,58.2029,64.4737,70.7921,76.3546,80.9911,83.6076,87.8231,91.7947,94.4703,99.8749,103.411,106.046,106.945,109.098,111.006,112.323,113.244,113.559,114.083,114.421,113.215,111.977,110.152,108.407,107.449,104.126,101.235,97.6026,93.4439,87.7653,83.392,81.057,76.12,70.2109,64.5518,59.449,54.0737,51.5833,45.5685,40.1822,40.1822,26.756,24.0877,13.8575,10.4965,3.23166,-2.69143,-12.1984,-15.0564,-20.8322,-26.6958,-31.8109,-34.0748,-38.6372,-42.932,-47.1579,-50.8944,-52.6903,-56.0379,-59.5837,-60.5468,-63.1851,-64.097,-66.4302,-67.2753,-67.7557,-68.3371,-68.8764,-69.413,-69.7955,-69.6628,-69.4505,-68.7123,-67.2281,-66.0036,-62.2863,-59.3702,-56.2419,-52.0322,-49.5942,-44.6908,-38.9701,-34.4672,-30.1376,-25.9356,-23.9272,-20.0178,-16.9648,-14.1227,-11.0058,-6.74009,-4.98354,-1.52702,1.39454,6.4537,8.10638,11.5622,16.2155,18.0951,21.8887,27.1606,30.9891,34.8151,36.564,40.4259,44.2766,47.1547,50.4833,52.0703,55.193,57.4016,58.4118,60.5999,62.1944,64.0052,65.5953,67.8346,68.9689,70.7489,73.0103,75.8232,78.5542,81.005,81.7167,86.1535,88.3425,90.6575,91.9494,94.77,96.6021,97.7368,98.5812,100.956,102.429,103.223,105.287,106.873,108.094,108.66,108.894,115.36,119.703,122.508 Y:154.571,154.588,154.622,154.607,154.587,154.384,154.329,154.244,154.179,154.119,154.066,154.032,154.016,153.962,153.771,153.486,153.247,152.84,152.686,152.615,152.293,152.349,152.754,152.95,152.099,151.996,152.281,152.271,152.791,152.974,152.924,152.55,152.403,152.216,152.063,151.668,151.451,150.748,150.505,150.644,151.303,151.744,152.426,152.716,152.505,150.492,148.795,147.798,147.048,146.761,146.3,145.936,143.998,142.619,141.979,140.445,139.957,139.499,139.201,138.59,138.326,137.82,137.199,136.33,135.507,135.117,134.261,132.983,131.734,130.355,128.998,128.998,126.281,124.564,120.636,117.91,115.494,114.234,111.522,106.822,104.572,102.147,100.849,98.9046,98.8226,98.704,98.9508,98.5336,96.7531,96.1939,95.4952,95.8591,95.4578,94.59,93.6581,91.582,90.0333,88.5013,87.7334,87.364,87.6461,88.5237,89.0114,89.2224,89.6281,89.9554,89.998,89.2736,87.4327,88.1323,87.5069,86.9814,86.2647,84.5487,84.0456,83.4132,82.4753,82.1243,81.5342,81.2349,80.9181,80.6344,80.669,81.3385,81.8589,83.2581,84.0816,85.2432,85.9211,84.0991,84.0754,83.9861,83.3326,81.5032,80.5922,80.6885,80.3658,80.391,79.501,79.9237,79.9237,78.7655,76.9516,74.6712,73.1292,70.7163,69.0062,66.0348,65.1056,64.6703,64.1411,63.1862,62.8452,61.9434,61.2005,60.1922,59.1602,58.5273,57.1901,54.9094,54.2133,52.4213,51.8847,50.7471,49.5723,48.9864,48.3403,47.5907,47.0473,45.8527,44.9088,44.3992,43.4567,42.6283,42.2483,41.5745,41.378,41.5207,41.6179,41.671,41.4502,41.5135,42.0274,42.4919,43.2111,43.7214,45.0644,46.097,47.0715,48.1537,49.4755,49.9284,51.3873,51.7367,50.5099,50.5778,50.9945,53.4338,55.6665,57.2027,57.9932,58.7811,59.4862,59.8319,60.4467,61.2428,61.914,62.5934,62.9158,62.535,62.4819,62.4174,61.8987,61.268,60.6923,60.0757,59.1858,58.8495,58.2434,57.602,57.8264,57.4282,56.7818,56.6009,55.7464,55.9873,55.8908,55.5193,56.3606,56.1925,55.9967,55.8013,54.6254,53.7375,53.4085,52.345,51.6309,50.2009,48.552,47.1567,53.0315,53.2193,52.3419 Z:-28.8486,-28.8548,-28.8548,-28.8993,-28.9137,-28.8968,-28.8611,-28.7952,-28.7458,-28.7118,-28.6861,-28.66,-28.6488,-28.6414,-28.6474,-28.7067,-28.8055,-29.0226,-29.1305,-29.2899,-29.5891,-29.7942,-29.969,-30.5049,-31.5722,-32.0075,-32.929,-34.3258,-35.5231,-37.0266,-37.8541,-38.9479,-39.9566,-40.6581,-41.1255,-41.5565,-42.3834,-43.4473,-43.9749,-44.9406,-45.4776,-46.0136,-46.4554,-46.7928,-46.8963,-46.9996,-47.2421,-47.4501,-47.5758,-47.3132,-46.4759,-45.9579,-45.8553,-45.9071,-45.5148,-45.1277,-44.7919,-44.4907,-44.3258,-44.005,-43.3728,-42.4495,-41.5504,-40.7712,-39.6572,-39.1698,-38.3135,-36.7534,-35.7102,-34.8067,-33.8197,-33.8197,-31.3575,-30.1064,-27.7248,-25.4119,-23.6689,-23.1765,-22.3338,-22.4922,-22.5779,-22.9614,-22.7074,-22.6371,-22.1778,-21.3852,-20.9202,-20.5105,-20.451,-20.2067,-20.1549,-20.2088,-20.1915,-20.0872,-19.5154,-17.643,-16.1962,-15.7968,-15.2995,-14.6778,-13.6674,-13.97,-13.5919,-13.5146,-12.7926,-12.4058,-11.5665,-10.9077,-10.105,-8.55502,-6.66543,-5.8566,-5.60683,-4.85776,-3.38098,-2.49635,-1.50342,-0.852865,0.190863,1.31937,3.3619,4.17681,5.05109,6.05506,6.47545,8.22063,9.04861,10.4736,11.3695,10.7675,12.105,12.4431,12.5698,12.2377,12.7484,13.2681,13.3176,13.4728,13.7855,13.7242,13.7242,12.9185,11.6513,11.6709,11.1812,10.9986,11.156,12.6422,13.184,14.1352,15.6522,16.9683,17.479,18.5787,19.5836,20.4895,21.1155,21.4398,22.0348,22.8247,22.9959,23.7346,24.1543,25.4737,26.1157,26.4485,26.884,27.2273,27.4372,27.8006,27.9013,27.9772,28.0835,28.1251,28.1583,28.0252,27.7007,27.3232,26.2724,25.6518,24.2349,22.462,21.0864,20.0076,18.9273,18.3965,16.8627,16.0349,15.3629,14.658,13.0707,12.6103,11.8762,9.53217,7.11077,6.34031,5.49999,5.06751,3.55251,3.31591,3.66517,3.83006,3.73686,3.71268,3.4003,2.82384,2.53402,1.94127,1.63188,1.15639,0.738044,0.510823,-0.159988,-0.773149,-1.30959,-1.65738,-2.05046,-2.2682,-2.75014,-2.98423,-3.17822,-3.24043,-3.31481,-3.27904,-3.78865,-3.64365,-3.52258,-3.49076,-0.548393,0.952009,1.43829,1.69532,3.48143,4.65427,5.02318,4.74954,4.44137,3.44418,1.94355,2.80976,6.96443,4.04829,3.9746
